0.3 0.505 0
0.3 0.475 0
0.3 0.445 0
0.3 0.415 0
0.3 0.385 0
0.3 0.355 0
0.3 0.325 0
0.3 0.295 0
0.3 0.265 0
0.3 0.235 0
0.3 0.205 0
0.3 0.175 0
0.3 0.145 0
0.3 0.115 0
0.3 0.085 0
0.3 0.055 0
0.22 0.505 0
0.22 0.475 0
0.22 0.445 0
0.22 0.415 0
0.22 0.385 0
0.22 0.355 0
0.22 0.325 0
0.22 0.295 0
0.22 0.265 0
0.22 0.235 0
0.22 0.205 0
0.22 0.175 0
0.22 0.145 0
0.22 0.115 0
0.22 0.085 0
0.22 0.055 0
0.14 0.505 0
0.14 0.475 0
0.14 0.445 0
0.14 0.415 0
0.14 0.385 0
0.14 0.355 0
0.14 0.325 0
0.14 0.295 0
0.14 0.265 0
0.14 0.235 0
0.14 0.205 0
0.14 0.175 0
0.14 0.145 0
0.14 0.115 0
0.14 0.085 0
0.14 0.055 0
0.07 0.505 0
0.07 0.475 0
0.07 0.445 0
0.07 0.415 0
0.07 0.385 0
0.07 0.355 0
0.07 0.325 0
0.07 0.295 0
0.07 0.265 0
0.07 0.235 0
0.07 0.205 0
0.07 0.175 0
0.07 0.145 0
0.07 0.115 0
0.07 0.085 0
0.07 0.055 0
